414
390
205
614
184
236
255
137
779
89
258
747
393
544
701
718
552
92
961
639
502
205
432
740
628
603
222
812
924
808
383
843
398
883
699
218
156
473
677
184
871
581
347
85
970
734
542
694
794
90
481
324
413
44
276
572
8
436
209
372
956
548
83
474
532
922
203
621
474
53
367
133
222
976
943
733
165
766
811
453
610
948
182
967
516
677
181
38
113
24
176
486
701
840
430
84
960
436
648
89
147
318
633
6
391
338
140
536
416
206
922
807
998
57
656
217
454
264
559
414
845
783
130
363
964
712
488
945
58
135
757
885
736
615
798
766
155
623
964
419
128
99
122
148
304
179
182
420
150
947
213
902
575
327
790
512
818
240
867
264
121
879
843
371
191
695
75
514
295
12
600
853
49
346
222
387
409
345
843
832
409
396
425
834
380
548
95
186
901
39
946
382
739
878
409
790
455
236
319
875
671
232
670
738
319
109
896
705
739
322
224
783
829
729
691
729
256
393
304
449
770
983
83
904
449
432
987
930
263
72
516
301
929
702
896
329
808
489
547
131
953
918
263
442
903
298
420
992
675
847
626
164
290
389
695
695
619
884
634
683
732
451
200
389
345
909
203
354
5
684
364
712
303
988
871
198
913
681
684
176
809
656
268
673
427
761
771
888
724
237
419
882
883
354
673
410
4
116
514
545
208
2
535
318
973
689
766
172
524
804
826
455
956
211
271
767
872
757
427
480
574
544
642
635
787
647
851
784
621
788
295
206
757
22
108
826
315
78
595
33
985
60
427
307
379
995
571
642
972
728
603
589
303
199
775
103
885
813
405
409
809
177
272
472
337
132
899
134
924
458
889
871
712
719
399
429
576
978
733
184
369
257
213
281
475
587
865
912
717
392
189
847
935
960
491
587
915
641
911
938
488
681
174
77
545
246
471
536
16
118
338
816
506
74
344
671
752
5
584
697
546
282
649
13
597
327
424
268
170
140
603
943
49
407
38
49
351
524
236
569
774
300
163
858
450
59
713
794
428
236
825
194
120
497
176
280
283
673
374
73
574
941
203
795
573
178
719
363
669
983
835
548
84
762
695
117
743
129
845
141
154
559
89
34
778
526
663
389
171
363
892
802
735
238
630
623
779
992
626
165
349
792
55
915
351
829
641
447
193
315
184
757
114
151
509
659
990
534
749
953
13
237
386
939
699
813
100
802
814
242
581
455
751
812
617
896
912
83
898
837
166
897
912
859
171
793
455
383
260
321
604
47
599
407
21
308
972
163
136
967
12
903
293
830
570
303
298
127
505
438
821
75
42
363
168
622
700
325
867
343
680
335
825
849
992
36
386
834
278
625
233
562
155
711
691
19
783
884
962
296
757
410
430
525
733
923
794
234
179
537
417
56
218
248
664
267
168
864
581
97
446
5
580
967
30
858
207
135
923
977
185
645
308
63
902
261
188
594
783
441
153
4
956
660
37
516
406
960
457
76
170
603
239
350
446
136
490
939
627
94
379
515
164
239
752
587
497
214
733
876
103
447
627
207
928
820
178
138
487
756
919
255
177
862
703
263
172
668
529
689
820
517
940
892
871
557
80
241
247
538
233
704
722
432
405
537
575
75
248
257
332
786
579
343
508
194
100
813
643
31
966
40
448
64
323
195
948
52
679
300
190
275
922
946
688
262
11
592
544
303
201
744
374
117
164
353
399
146
714
313
544
267
203
464
58
967
982
28
364
238
145
623
81
855
882
389
19
368
964
326
912
385
251
552
158
799
76
23
30
181
217
228
352
636
263
779
965
73
661
1
445
117
674
447
83
709
865
997
745
379
510
434
572
898
385
787
573
927
661
270
335
730
354
828
120
280
544
250
66
953
35
225
274
334
636
105
278
898
315
637
640
249
218
453
682
456
535
18
617
762
269
80
796
393
125
756
19
290
507
783
965
924
827
721
453
437
814
952
773
329
522
241
620
711
548
945
893
888
109
939
294
408
794
214
70
606
948
287
465
761
502
347
610
88
714
21
49
577
86
650
133
884
420
197
434
905
679
674
601
593
19
21
125
819
329
224
209
684
656
110
14
441
851
962
900
294
188
859
139
839
793
708
294
182
723
426
108
318
863
190
770
429
396
647
99
80
276
972
540
312
257
870
745
163
772
281
746
127
36
767
620
849
72
257
485
401
132
910
298
613
496
223
867
883
789
514
314
849
459
259
513
260
650
189
471
291
153
195
338
523
132
822
515
236
629
364
617
529
73
233
570
446
801
149
587
1
346
743
805
752
410
595
813
85
11
433
91
436
469
110
86
5
200
891
956
91
796
248
306
197
118
151
749
265
726
318
178
847
569
693
657
195
92
632
115
332
26
989
858
224
305
415
343
517
44
454
665
990
257
492
556
632
358
224
357
134
45
720
333
713
935
567
966
690
936
238
872
214
831
819
644
536
620
435
736
488
984
168
619
356
571
181
746
531
866
818
547
315
22
17
621
608
353
157
132
447
47
70
547
328
978
690
572
300
855
372
178
567
337
710
979
792
706
103
745
563
303
34
684
930
352
434
204
651
162
42
180
644
95
487
401
440
889
558
558
389
382
607
657
853
945
387
266
108
941
209
797
361
138
65
269
698
101
942
5
377
400
321
608
243
608
128
619
681
297
956
283
418
917
133
139
683
909
862
133
295
994
719
678
803
787
878
969
28
562
521
548
269
146
253
422
537
566
132
272
311
445
761
394
95
858
988
354
31
918
504
234
490
667
68
512
901
309
248
799
520
39
130
465
831
811
72
946
364
575
980
133
989
659
950
364
795
759
549
42
67
16
849
222
742
753
955
16
462
208
659
538
781
470
509
651
736
4
222
746
46
622
226
160
656
442
189
910
129
994
882
939
828
563
469
296
855
624
22
789
852
740
836
34
309
58
641
34
704
256
584
403
869
381
961
778
511
783
140
292
588
357
715
913
154
708
943
33
807
338
590
844
382
550
862
206
683
425
980
693
271
182
525
261
491
862
82
399
725
423
738
267
982
621
311
491
1
571
177
789
999
32
720
257
238
178
926
691
899
978
730
862
19
164
542
883
228
307
262
330
403
368
411
166
906
272
384
802
170
7
160
561
475
476
285
754
860
493
645
327
750
647
182
336
581
145
708
632
50
516
409
569
685
602
158
815
981
479
218
513
121
813
705
407
339
792
434
545
324
337
221
721
66
92
230
998
644
778
254
814
396
161
996
251
730
418
983
977
236
350
83
189
61
743
58
89
646
483
389
221
747
1000
269
449
348
518
8
980
187
669
570
653
439
611
894
660
445
327
284
755
984
173
638
947
147
493
583
384
708
863
140
978
496
455
476
188
466
704
532
499
612
611
308
549
458
630
476
798
101
496
35
989
943
924
692
466
198
125
354
502
12
391
447
911
970
322
849
62
747
201
130
899
803
125
956
932
561
440
975
554
953
773
889
1
116
130
603
763
194
138
978
226
790
788
260
21
355
723
1000
62
982
45
786
206
40
198
225
963
618
212
219
530
772
7
189
473
271
488
361
849
376
356
937
922
346
250
300
18
662
463
108
172
596
978
43
842
893
959
902
219
818
896
410
937
817
290
791
835
858
378
349
191
725
693
483
343
670
309
807
661
492
664
507
15
481
30
262
549
620
93
340
111
957
29
975
435
729
949
946
383
707
935
949
722
4
180
382
368
375
604
348
691
277
983
328
940
762
916
973
958
945
272
400
172
618
848
237
682
317
856
934
985
552
81
90
685
494
74
808
84
698
208
115
353
399
883
329
227
879
252
56
858
136
567
258
823
576
407
172
863
667
8
891
350
322
196
387
276
510
753
813
184
174
900
728
594
803
897
687
24
673
64
159
34
313
363
481
149
62
141
295
667
363
593
266
254
323
949
245
64
255
260
442
956
116
845
613
86
827
574
181
2
653
606
703
198
325
502
394
369
144
631
859
896
796
239
220
953
439
835
522
465
288
427
987
885
900
202
458
965
233
911
771
289
532
39
733
224
896
349
995
479
804
755
211
103
567
721
735
40
179
33
203
279
883
869
448
16
73
90
174
17
255
90
127
77
71
81
20
741
881
943
276
817
895
838
381
798
384
179
456
395
614
49
439
185
481
201
525
475
329
946
79
363
179
706
319
676
841
315
614
44
654
222
688
206
46
528
565
324
767
668
242
627
479
114
277
881
567
427
763
217
127
35
168
493
823
123
812
772
188
207
134
176
642
437
864
80
603
932
974
877
272
83
803
248
214
854
530
787
952
549
19
694
632
452
695
623
465
635
278
762
592
996
260
532
452
134
574
790
767
998
476
551
353
957
771
490
769
251
812
525
623
889
112
900
139
70
890
925
658
72
176
617
242
905
896
541
129
537
600
430
779
676
299
819
17
289
395
191
688
370
900
928
613
54
74
615
203
772
522
765
259
370
136
973
159
646
800
494
358
583
873
475
980
173
352
382
690
249
215
685
285
285
228
626
520
608
105
750
826
495
715
587
129
488
285
664
264
471
967
885
922
178
221
948
638
312
770
30
535
471
288
19
871
374
15
790
960
388
772
131
637
550
279
575
93
143
399
780
526
867
587
621
187
550
381
200
160
848
25
814
525
106
494
108
621
901
445
313
681
518
966
942
409
796
599
899
533
760
499
4
628
86
466
593
882
602
611
378
251
354
332
106
707
694
26
659
975
123
810
166
765
250
724
292
919
577
214
817
235
580
489
809
46
317
224
392
839
686
474
859
262
937
873
738
59
181
212
604
89
86
391
189
546
448
706
639
151
215
583
438
914
306
830
109
86
912
71
849
340
804
500
148
238
848
517
951
80
71
409
253
525
300
485
204
885
574
813
750
339
601
443
919
604
619
334
750
175
460
140
762
237
146
418
476
494
259
904
383
712
389
360
78
636
528
48
219
503
533
695
547
22
453
695
899
438
545
59
691
224
959
96
453
605
885
642
421
492
19
193
231
78
255
546
664
398
176
144
665
230
321
393
666
860
929
766
675
366
714
66
599
787
587
649
491
33
773
203
423
570
414
928
827
899
765
138
11
918
323
550
329
200
277
374
126
253
484
303
471
379
640
807
401
947
806
693
759
162
956
29
76
844
992
597
526
46
536
930
929
762
326
513
840
297
475
38
874
828
756
47
484
191
161
882
295
943
649
386
337
38
198
688
276
586
491
583
594
605
748
406
35
207
613
892
90
511
543
158
222
168
733
799
487
339
121
485
513
113
463
730
615
922
755
639
994
149
60
770
542
159
402
235
835
232
261
919
940
739
140
656
147
22
264
286
356
481
828
204
392
454
581
881
876
318
99
529
512
925
653
952
739
830
54
691
379
233
662
832
132
327
12
1
814
706
136
443
526
9
351
534
446
802
865
914
800
389
737
913
865
381
891
235
787
739
69
354
592
728
169
632
924
145
781
111
829
40
559
361
411
38
335
705
960
297
909
264
152
744
80
251
673
56
294
100
545
87
630
886
448
535
109
309
517
101
926
895
474
229
159
761
140
838
989
370
704
105
334
995
522
266
905
862
441
74
219
901
853
604
782
503
709
192
353
658
728
556
600
276
912
791
497
884
645
125
616
15
166
621
41
69
898
235
353
524
459
539
223
910
604
653
764
844
393
721
457
181
203
511
619
345
317
836
808
460
889
126
1
974
604
49
348
404
260
906
246
308
312
743
93
923
133
596
53
73
335
816
948
586
348
592
866
200
186
233
730
441
977
177
215
50
599
48
744
824
4
333
31
979
442
459
265
728
380
198
550
230
797
431
254
760
862
595
281
920
684
240
911
848
110
345
973
56
2
753
85
78
624
695
621
50
940
860
679
408
187
230
554
579
991
90
842
610
732
914
256
358
453
908
595
418
129
263
413
208
459
316
393
468
792
828
268
358
503
874
969
807
617
624
533
226
749
499
716
656
565
143
382
221
593
748
948
573
429
889
680
979
271
451
535
302
308
875
313
367
208
267
179
295
99
305
52
303
979
439
690
599
199
785
460
889
863
875
126
411
181
401
99
473
609
472
238
55
29
576
506
598
557
702
859
622
223
36
110
60
324
504
535
238
608
315
248
703
266
720
340
596
845
403
123
100
124
472
177
906
911
209
568
197
674
644
6
150
568
546
882
957
520
221
730
354
154
304
190
848
777
784
986
27
376
347
272
118
67
199
544
373
652
301
416
935
900
911
897
641
194
332
296
394
277
907
545
89
587
414
660
97
344
632
2
512
867
572
899
108
852
364
143
190
853
961
444
478
357
68
409
190
493
485
393
329
462
625
777
952
921
448
193
602
495
267
121
880
124
598
677
159
505
876
940
302
174
818
921
455
551
397
121
15
611
945
317
43
1
69
594
7
54
436
386
847
317
611
335
674
394
127
551
648
149
451
808
128
440
464
219
857
135
687
62
807
496
1
899
267
39
77
50
404
180
33
409
588
68
331
224
709
922
232
657
365
678
524
766
285
894
602
124
529
262
728
18
63
344
993
686
142
367
652
620
707
8
458
487
602
694
560
186
468
100
115
56
402
276
825
173
764
79
899
795
919
801
871
471
402
195
767
358
871
334
28
173
310
255
584
713
399
801
59
59
964
812
622
952
841
566
714
118
864
543
637
322
652
612
606
11
950
42
157
384
310
293
178
784
384
73
104
139
709
673
385
724
281
970
205
700
563
203
943
287
497
761
741
518
965
15
132
573
159
425
311
724
333
28
404
572
694
939
177
549
386
405
399
194
118
137
301
445
541
423
531
586
704
98
250
359
412
859
6
112
298
234
764
859
693
245
616
404
620
625
491
947
520
929
975
430
20
517
818
538
812
315
214
720
855
42
117
670
187
36
520
326
9
325
930
787
747
212
257
418
195
468
222
57
792
665
760
188
440
97
971
988
728
950
193
497
355
250
658
443
374
514
427
811
846
244
706
155
932
928
858
892
138
811
24
706
292
502
691
801
750
898
909
893
262
100
599
248
682
269
952
660
783
23
564
841
745
896
816
245
408
253
759
836
85
471
869
205
544
476
148
113
235
732
767
550
837
451
964
948
72
865
385
211
579
381
365
466
115
90
880
176
337
332
24
764
458
458
351
238
747
702
427
879
256
451
430
393
114
282
863
549
71
136
76
68
752
686
614
145
332
719
327
627
990
777
660
353
884
950
928
63
352
79
158
530
249
246
13
43
275
492
615
912
679
422
169
434
670
829
482
885
585
196
310
716
661
678
661
296
784
76
55
829
102
219
786
455
821
458
891
747
947
589
834
748
601
981
918
668
324
18
657
737
395
848
398
26
310
846
873
973
383
724
44
780
440
471
215
272
431
340
16
191
822
318
924
382
635
925
410
401
139
874
204
424
648
494
66
323
446
704
916
937
449
853
175
552
965
356
374
481
191
739
37
153
35
943
679
765
581
332
856
880
842
246
414
114
818
320
75
361
271
69
40
860
269
916
149
863
275
640
267
466
121
459
596
626
862
790
307
218
405
556
11
895
135
716
759
973
678
51
876
355
503
168
113
256
56
493
9
530
188
603
704
984
288
658
784
561
96
54
99
903
322
323
847
570
173
912
728
872
223
303
706
177
803
745
606
99
269
462
850
590
966
747
32
200
825
514
801
53
822
874
540
995
151
86
370
848
705
46
686
251
96
431
30
549
119
351
803
397
26
492
86
307
98
844
51
474
107
838
824
498
243
835
692
227
861
356
193
158
559
911
11
303
533
231
181
985
720
890
651
495
991
877
636
483
519
678
943
28
664
835
657
124
582
839
358
572
210
913
776
775
202
354
426
443
885
731
762
193
116
4
528
979
380
93
343
846
884
183
747
536
384
677
550
376
772
308
671
594
609
682
912
6
161
227
56
668
200
607
693
692
353
241
575
956
665
617
564
104
661
200
407
885
841
488
296
518
826
342
293
507
868
266
427
450
560
348
694
872
262
608
219
903
897
230
260
822
625
757
442
50
502
279
412
865
991
452
9
781
130
481
237
426
568
239
699
498
523
881
261
376
912
415
904
448
980
1000
949
263
886
958
730
366
972
141
199
899
149
980
848
819
971
872
549
389
561
479
638
535
707
160
462
890
120
824
178
571
455
304
110
618
63
421
615
985
969
941
416
664
813
764
566
726
449
537
588
644
499
122
963
579
180
278
72
608
567
775
148
335
947
260
957
357
244
24
961
668
217
735
149
422
253
592
891
907
959
900
896
356
998
328
454
981
586
909
533
192
627
128
76
421
803
812
893
416
325
294
137
2
436
339
231
63
278
323
204
20
302
182
540
508
607
379
181
923
122
511
823
188
570
187
117
396
413
836
89
187
700
957
90
507
79
152
478
534
781
270
540
984
883
290
724
890
531
545
808
843
600
987
428
446
374
964
436
205
105
150
473
772
543
582
826
116
225
524
619
240
362
306
879
977
486
996
671
737
726
176
300
239
910
769
790
541
495
479
932
327
37
961
275
255
116
412
774
108
937
934
643
689
733
165
397
807
106
972
212
471
417
705
892
560
943
816
265
939
650
37
574
213
483
95
811
145
161
120
535
609
217
132
271
969
652
311
737
635
335
54
496
572
274
336
466
990
159
669
510
669
909
153
586
184
887
811
277
581
445
779
932
90
910
683
500
646
548
807
110
698
154
243
504
302
749
537
560
951
301
566
1000
248
635
966
424
47
506
709
203
781
754
30
575
255
49
851
9
855
23
848
107
464
866
207
422
891
623
458
668
70
65
90
108
66
456
612
857
630
553
288
280
909
500
793
314
859
971
342
400
562
261
691
628
428
454
320
880
42
63
54
922
575
292
703
417
587
860
956
92
723
480
641
596
861
558
615
138
209
731
10
557
733
710
630
74
997
229
714
429
545
98
578
587
337
952
367
355
488
120
771
675
140
777
11
149
842
93
840
375
77
824
622
598
387
650
384
719
724
772
546
880
294
367
542
683
617
207
462
684
799
43
929
409
305
191
74
705
648
145
855
703
186
882
771
21
421
57
644
560
82
299
408
511
719
808
106
682
239
670
742
897
833
99
714
71
718
543
395
620
844
977
368
193
364
852
205
121
524
975
361
692
372
882
736
839
897
839
305
729
178
809
441
165
578
639
775
141
731
446
570
811
679
956
771
52
745
731
736
885
660
209
898
426
824
100
42
822
341
319
229
848
260
919
52
225
118
669
471
281
95
447
176
39
98
881
189
580
593
573
18
450
949
6
74
67
999
376
817
951
588
12
411
673
41
628
702
413
179
268
237
22
97
800
8
923
374
649
654
626
139
70
990
472
931
482
922
990
426
242
324
830
688
850
207
934
813
699
926
465
183
65
487
951
714
825
682
703
58
700
42
776
305
845
179
636
991
357
585
227
70
266
538
405
626
878
181
651
372
573
891
218
299
126
672
51
242
475
711
573
689
834
451
806
677
8
911
26
77
961
766
785
619
164
281
681
463
810
784
591
978
948
67
292
640
288
148
21
180
651
733
536
606
788
454
789
594
153
782
464
206
452
242
310
44
598
271
187
835
772
676
53
885
271
674
695
734
866
783
806
428
774
517
334
705
164
928
392
903
71
463
136
498
587
193
87
785
336
452
832
400
486
220
44
676
849
478
777
132
231
249
648
374
550
606
183
255
448
484
552
200
1
983
59
629
996
198
275
804
561
117
908
651
65
176
654
955
389
517
423
916
15
951
711
550
111
883
519
732
342
103
544
86
528
306
861
428
95
607
908
690
322
515
697
874
740
24
354
649
795
989
532
660
459
323
866
734
745
971
852
782
302
291
69
870
411
20
704
962
540
223
130
908
898
752
823
630
952
787
584
383
66
43
32
881
554
741
396
8
924
804
64
558
623
979
447
164
965
10
663
381
320
748
971
668
509
964
959
430
894
13
19
937
415
319
745
221
243
789
82
817
925
332
330
156
122
21
821
857
979
513
733
808
663
880
713
909
558
273
207
947
194
822
271
567
436
175
489
858
532
817
186
977
208
701
589
523
630
327
961
578
622
451
491
923
810
337
898
540
4
750
491
960
203
469
407
115
46
709
547
62
45
731
507
733
726
240
703
761
413
308
43
530
589
833
126
888
260
234
900
824
878
163
900
162
361
222
866
348
396
387
547
301
647
870
317
371
254
493
821
804
536
325
912
291
22
997
457
509
845
409
386
711
342
665
176
886
963
68
791
755
395
286
604
360
44
762
398
611
423
325
327
443
906
299
754
311
597
464
281
236
677
378
125
20
121
886
255
228
797
60
601
408
419
930
779
500
444
386
472
286
383
130
518
927
502
490
242
159
721
992
935
1
629
797
855
909
996
840
418
130
183
616
521
115
940
623
207
660
857
551
788
546
586
308
681
316
990
434
590
54
889
13
930
7
686
328
582
749
941
614
208
854
710
712
449
894
798
433
210
615
247
340
435
352
94
893
987
543
76
844
700
113
645
439
888
965
160
614
769
387
743
278
973
276
967
830
896
874
111
732
105
348
799
740
810
560
91
192
711
288
166
805
948
419
706
768
411
633
837
948
509
579
158
561
419
627
792
759
120
204
529
971
531
613
620
533
507
243
297
594
684
816
20
473
480
873
451
53
214
376
765
47
392
574
179
454
598
645
246
567
341
799
685
508
709
923
633
523
297
210
177
123
161
108
111
241
981
3
351
619
402
591
155
322
881
752
125
74
630
525
137
553
785
302
985
342
651
149
140
533
294
691
965
592
280
502
97
393
661
835
260
10
963
522
688
851
966
161
459
717
982
840
308
20
291
9
523
479
948
984
923
110
288
735
932
304
150
456
351
22
547
860
18
394
843
175
792
39
792
709
807
676
809
905
582
35
989
203
849
732
298
745
339
194
88
314
884
327
128
281
136
76
638
733
657
970
519
515
351
835
177
874
173
705
615
936
604
495
436
267
109
576
538
215
609
363
602
987
909
175
595
734
386
394
583
298
734
340
401
560
848
664
739
223
797
694
65
812
659
592
376
363
604
90
47
60
429
740
525
161
603
44
322
177
32
281
33
714
754
421
847
531
832
861
449
12
365
523
883
341
423
826
683
961
651
752
925
745
914
854
450
540
377
323
427
908
156
663
853
456
116
96
620
53
35
820
962
450
462
146
313
728
724
583
382
704
50
73
235
722
249
232
33
584
993
514
819
854
915
939
891
374
451
369
453
753
220
319
851
589
421
767
268
354
482
853
821
979
225
545
999
644
414
233
536
508
815
867
99
165
673
479
443
998
357
55
267
896
214
805
671
305
743
492
237
870
722
548
420
736
31
224
421
37
39
125
206
652
232
444
391
531
772
717
441
467
836
346
923
768
899
787
832
264
500
22
406
948
815
869
50
458
763
900
886
